    0    0    0    0    0    0    0    0    0    0    0    0    0    0    0    0    0    0    0    0    0    0    0    0 2477    0    0    0 2473    0    0    0    0    0 2467    0    0    0    0    0    0    0 2459    0    0    0    0    0    0    0    0    0
    0    0    0    0    0    0    0    0    0 2297    0    0    0 2293    0    0    0    0    0 2287    0    0    0    0    0 2281    0    0    0    0    0    0    0 2273    0    0    0 2269    0 2267    0    0    0    0    0    0    0    0    0    0    0    0
 2503    0    0    0    0    0 2113    0 2111    0    0    0    0    0    0    0    0    0    0    0 2099    0    0    0    0    0    0    0    0    0 2089    0 2087    0    0    0 2083    0 2081    0    0    0    0    0    0    0    0    0    0    0    0    0
    0    0    0    0    0    0    0 1933    0 1931    0    0    0    0    0    0    0    0    0    0    0    0    0    0    0    0    0 1913    0    0    0    0    0 1907    0    0    0    0    0 1901    0    0    0    0    0    0    0    0    0    0    0    0
    0    0    0    0    0    0    0    0    0    0 1759    0    0    0    0    0 1753    0    0    0    0    0 1747    0    0    0    0    0 1741    0    0    0    0    0    0    0 1733    0    0    0    0    0    0    0    0    0 1723    0 2069    0 2447    0
    0 2309    0    0    0 1601    0    0    0 1597    0    0    0    0    0    0    0    0    0    0    0    0    0 1583    0    0    0 1579    0    0    0    0    0    0    0 1571    0    0    0 1567    0    0    0    0    0    0    0    0    0    0    0    0
    0    0    0    0    0    0    0    0    0    0    0    0 1439    0    0    0    0    0 1433    0    0    0 1429    0 1427    0    0    0 1423    0    0    0    0    0    0    0    0    0    0    0    0    0 1409    0    0    0 1721    0    0    0    0    0
    0 2311    0    0    0    0    0 1297    0    0    0    0    0 1291    0 1289    0    0    0    0    0 1283    0    0    0 1279    0 1277    0    0    0    0    0    0    0    0    0    0    0    0    0    0    0    0    0 1559    0 1889    0 2251    0    0
    0    0    0    0    0    0 1447    0    0    0    0    0 1153    0 1151    0    0    0    0    0    0    0    0    0    0    0    0    0    0    0    0    0    0    0    0    0 1129    0    0    0    0    0 1123    0    0    0    0    0    0    0    0    0
    0    0    0    0    0    0    0    0    0    0    0    0    0 1021    0 1019    0    0    0    0    0 1013    0    0    0 1009    0    0    0    0    0    0    0    0    0    0    0  997    0    0    0    0    0 1259    0    0    0    0    0    0    0    0
    0    0    0    0    0    0    0    0    0    0    0    0    0    0    0    0    0    0    0    0    0    0    0    0  887    0    0    0  883    0  881    0    0    0  877    0    0    0    0    0    0    0    0    0    0    0    0    0 2063    0 2441    0
    0    0    0    0    0 1607    0 1301    0    0    0    0    0    0    0    0    0    0    0    0    0    0    0  773    0    0    0  769    0    0    0    0    0    0    0  761    0    0    0  757    0  991    0    0    0    0    0    0    0    0    0    0
    0    0    0    0    0    0 1451    0    0    0    0    0  677    0    0    0  673    0    0    0    0    0    0    0    0    0    0    0  661    0  659    0    0    0    0    0  653    0    0    0    0    0    0    0    0    0    0    0    0    0    0    0
    0    0    0    0    0 1609    0 1303    0    0    0  787    0  577    0    0    0    0    0  571    0  569    0    0    0    0    0  563    0    0    0    0    0  557    0    0    0    0    0    0    0    0    0    0    0 1553    0    0    0    0    0    0
    0    0 2129    0    0    0 1453    0 1163    0    0    0    0    0    0    0    0    0    0    0  479    0    0    0    0    0    0    0    0    0    0    0  467    0    0    0  463    0    0    0    0    0 1117    0 1399    0    0    0    0    0 2437    0
    0    0    0 1949    0    0    0    0    0 1031    0    0    0    0    0  401    0    0    0  397    0    0    0    0    0    0    0  389    0    0    0    0    0  383    0    0    0    0    0    0    0    0    0    0    0    0    0    0    0 2243    0    0
    0    0 2131    0 1777    0    0    0    0    0  907    0    0    0  487    0    0    0    0    0    0    0    0    0  317    0    0    0  313    0  311    0    0    0  307    0  461    0  647    0    0    0    0    0    0    0    0    0    0    0    0    0
    0    0    0 1951    0 1613    0 1307    0 1033    0    0    0    0    0    0    0  257    0    0    0    0    0  251    0    0    0    0    0    0    0    0    0  241    0  379    0    0    0  751    0    0    0    0    0 1549    0 1879    0    0    0    0
    0    0    0    0    0    0    0    0    0    0    0    0  683    0    0    0    0    0  197    0    0    0  193    0  191    0    0    0    0    0    0    0    0    0    0    0    0    0    0    0  863    0    0    0    0    0 1709    0    0    0    0    0
    0    0    0    0    0    0    0    0    0    0    0    0    0    0    0    0    0    0    0    0    0    0    0    0    0  139    0  137    0    0    0    0    0  239    0    0    0  547    0    0    0  983    0 1249    0    0    0 1877    0 2239    0    0
 2521    0    0    0    0    0 1459    0    0    0  911    0    0    0  491    0    0    0  199    0  101    0    0    0   97    0    0    0    0    0    0    0  181    0    0    0  457    0  643    0    0    0    0    0    0    0    0    0 2053    0    0    0
    0    0    0    0    0    0    0    0    0    0    0    0    0    0    0    0    0    0    0    0    0    0    0    0    0   61    0   59    0    0    0  131    0    0    0    0    0    0    0    0    0    0    0    0    0    0    0    0    0 2237    0    0
    0    0 2137    0 1783    0    0    0 1171    0    0    0    0    0    0    0  331    0    0    0  103    0   37    0    0    0    0    0   31    0   89    0  179    0    0    0    0    0  641    0  859    0 1109    0    0    0    0    0    0    0    0    0
    0    0    0    0    0 1619    0    0    0 1039    0  797    0  587    0  409    0  263    0  149    0   67    0   17    0    0    0   13    0    0    0    0    0    0    0  373    0    0    0    0    0    0    0    0    0 1543    0 1873    0    0    0    0
    0    0    0    0    0    0    0    0    0    0    0    0    0    0    0    0    0    0    0    0    0    0    0    0    5    0    3    0   29    0    0    0    0    0    0    0    0    0    0    0  857    0    0    0    0    0    0    0    0    0    0    0
    0    0    0    0    0 1621    0    0    0    0    0    0    0    0    0    0    0    0    0  151    0    0    0   19    0    0    2   11    0   53    0  127    0  233    0    0    0  541    0  743    0  977    0    0    0    0    0 1871    0    0    0    0
    0    0 2141    0 1787    0    0    0    0    0    0    0  691    0    0    0    0    0    0    0  107    0   41    0    7    0    0    0    0    0    0    0    0    0    0    0    0    0    0    0    0    0    0    0    0    0    0    0    0    0    0    0
    0    0    0    0    0    0    0    0    0    0    0    0    0    0    0    0    0    0    0    0    0   71    0    0    0   23    0    0    0    0    0    0    0    0    0    0    0    0    0    0    0    0    0    0    0    0    0    0    0    0    0    0
    0    0 2143    0 1789    0    0    0    0    0  919    0    0    0  499    0  337    0    0    0  109    0   43    0    0    0   47    0    0    0   83    0  173    0    0    0  449    0    0    0  853    0 1103    0    0    0 1699    0    0    0 2423    0
    0 2333    0    0    0    0    0 1319    0    0    0    0    0  593    0    0    0  269    0    0    0   73    0    0    0    0    0   79    0    0    0    0    0  229    0  367    0    0    0  739    0    0    0    0    0    0    0 1867    0    0    0    0
 2531    0    0    0    0    0    0    0    0    0    0    0    0    0    0    0    0    0    0    0    0    0  113    0    0    0    0    0    0    0    0    0    0    0  293    0    0    0    0    0    0    0    0    0    0    0 1697    0    0    0    0    0
    0    0    0    0    0 1627    0 1321    0    0    0    0    0    0    0    0    0  271    0  157    0    0    0    0    0  163    0    0    0  167    0    0    0  227    0    0    0    0    0    0    0  971    0 1237    0    0    0    0    0    0    0    0
    0    0    0    0    0    0 1471    0 1181    0    0    0    0    0  503    0    0    0  211    0    0    0    0    0    0    0    0    0    0    0  223    0    0    0    0    0    0    0  631    0    0    0    0    0 1381    0    0    0    0    0    0    0
    0    0    0    0    0    0    0    0    0 1049    0    0    0    0    0  419    0    0    0    0    0  277    0    0    0  281    0  283    0    0    0    0    0    0    0    0    0    0    0    0    0    0    0    0    0    0    0    0    0    0    0    0
    0    0    0    0    0    0    0    0    0    0    0    0    0    0    0    0    0    0    0    0  347    0  349    0    0    0  353    0    0    0    0    0  359    0    0    0  443    0    0    0    0    0 1097    0    0    0 1693    0 2039    0 2417    0
    0 2339    0    0    0    0    0    0    0 1051    0  809    0  599    0  421    0    0    0    0    0    0    0    0    0  431    0  433    0    0    0    0    0  439    0    0    0    0    0  733    0  967    0    0    0 1531    0 1861    0    0    0    0
    0    0    0    0    0    0    0    0    0    0    0    0  701    0    0    0  509    0    0    0    0    0    0    0    0    0    0    0  521    0  523    0    0    0    0    0    0    0    0    0    0    0    0    0    0    0    0    0    0    0    0    0
    0 2341    0    0    0    0    0 1327    0    0    0  811    0  601    0    0    0    0    0  607    0    0    0    0    0  613    0    0    0  617    0  619    0    0    0    0    0    0    0    0    0    0    0 1231    0    0    0    0    0 2221    0    0
 2539    0 2153    0    0    0    0    0 1187    0  929    0    0    0    0    0    0    0  709    0    0    0    0    0    0    0    0    0  719    0    0    0    0    0    0    0  727    0    0    0    0    0 1093    0    0    0    0    0    0    0    0    0
    0    0    0 1973    0    0    0    0    0    0    0    0    0    0    0    0    0    0    0  821    0  823    0    0    0  827    0  829    0    0    0    0    0    0    0    0    0  839    0    0    0    0    0 1229    0    0    0    0    0    0    0    0
    0    0    0    0 1801    0    0    0    0    0    0    0    0    0    0    0  937    0    0    0  941    0    0    0    0    0  947    0    0    0    0    0  953    0    0    0    0    0    0    0    0    0 1091    0 1373    0    0    0    0    0 2411    0
    0    0    0    0    0 1637    0    0    0    0    0    0    0 1061    0 1063    0    0    0    0    0 1069    0    0    0    0    0    0    0    0    0    0    0    0    0    0    0    0    0 1087    0    0    0    0    0    0    0    0    0    0    0    0
 2543    0    0    0    0    0 1481    0    0    0 1193    0    0    0    0    0    0    0 1201    0    0    0    0    0    0    0    0    0    0    0 1213    0    0    0 1217    0    0    0    0    0 1223    0    0    0    0    0    0    0    0    0    0    0
    0 2347    0    0    0    0    0    0    0    0    0    0    0    0    0    0    0    0    0    0    0    0    0    0    0    0    0    0    0    0    0    0    0    0    0 1361    0    0    0    0    0 1367    0    0    0 1523    0    0    0    0    0    0
    0    0    0    0    0    0 1483    0    0    0 1487    0 1489    0    0    0 1493    0    0    0    0    0 1499    0    0    0    0    0    0    0    0    0    0    0 1511    0    0    0    0    0    0    0    0    0    0    0    0    0 2029    0    0    0
    0    0    0 1979    0    0    0    0    0    0    0    0    0    0    0    0    0    0    0    0    0 1657    0    0    0    0    0 1663    0    0    0 1667    0 1669    0    0    0    0    0    0    0    0    0    0    0    0    0    0    0 2213    0    0
    0    0 2161    0    0    0    0    0 1811    0    0    0    0    0    0    0    0    0    0    0 1823    0    0    0    0    0    0    0 1831    0    0    0    0    0    0    0    0    0    0    0    0    0    0    0 1847    0    0    0 2027    0    0    0
    0 2351    0    0    0    0    0    0    0 1987    0    0    0    0    0 1993    0    0    0 1997    0 1999    0    0    0 2003    0    0    0    0    0    0    0 2011    0    0    0    0    0 2017    0    0    0    0    0    0    0    0    0    0    0    0
 2549    0    0    0    0    0    0    0    0    0    0    0    0    0    0    0    0    0 2179    0    0    0    0    0    0    0    0    0    0    0    0    0    0    0    0    0    0    0    0    0    0    0 2203    0    0    0 2207    0    0    0    0    0
    0    0    0    0    0 2357    0    0    0    0    0    0    0    0    0    0    0    0    0 2371    0    0    0    0    0 2377    0    0    0 2381    0 2383    0    0    0    0    0 2389    0    0    0 2393    0    0    0    0    0 2399    0    0    0    0
 2551    0    0    0    0    0 2557    0    0    0    0    0    0    0    0    0    0    0    0    0    0    0    0    0    0    0    0    0 2579    0    0    0    0    0    0    0    0    0    0    0 2591    0 2593    0    0    0    0    0    0    0    0    0
    0    0    0    0    0    0    0    0    0    0    0    0    0    0    0    0    0    0    0    0    0    0    0    0    0    0    0    0    0    0    0    0    0    0    0    0    0    0    0    0    0    0    0    0    0    0    0    0    0    0    0    0

    0    0    0    0    0    0    0    0    0    0    0    0    0    0    0    0    0    0    0    0    0    0    0    0    016843    0    0    0    0    0    0    0    0    0    0    016831    016829    0    0    0    0    016823    0    0    0    0    0    0    0    0    0    0    016811    0    0    0    0    0    0    0    0    0    0    0    0    0    0    0    0    0    0    0    0    0    0    0
    0    0    0    016349    0    0    0    0    0    0    0    0    016339    0    0    0    0    016333    0    0    0    0    0    0    0    0    0    0    0    0    016319    0    0    0    0    0    0    0    0    0    0    0    0    0    0    0    0    016301    0    0    0    0    0    0    0    0    0    0    0    0    0    0    0    0    0    0    0    0    0    0    0    0    0    0    016273
    0    0    0    0    0    0    0    0    0    0    0    0    0    0    0    0    0    0    0    0    0    0    015823    0    0    0    0    015817    0    0    0    0    0    0    015809    0    0    0    0    015803    0    0    0    0    015797    0    0    0    0    015791    0    0    015787    0    0    0    0    0    0    0    0    0    0    0    0    015773    0    0    0    0    015767    0
    0    0    0    0    0    0    0    0    0    0    0    0    0    0    0    015331    015329    0    0    0    0    0    0    0    0    015319    0    0    0    0    015313    0    0    0    0    015307    0    0    0    0    0    0    015299    0    0    0    0    0    0    0    0    015289    015287    0    0    0    0    0    0    0    0    015277    0    0    0    0    015271    015269    0    0
    0    0    0    0    014851    0    0    0    0    0    0    014843    0    0    0    0    0    0    0    0    0    0    014831    0    0    014827    0    0    0    0    014821    0    0    0    0    0    0    014813    0    0    0    0    0    0    0    0    0    0    0    0    0    0    014797    0    0    0    0    0    0    0    0    0    0    0    0    014783    0    0    014779    0    0    0
    0    0    0    014369    0    0    0    0    0    0    0    0    0    0    0    0    0    0    0    0    0    0    0    0    014347    0    0    0    0    014341    0    0    0    0    0    0    0    0    0    0    0    0    014327    0    0    014323    014321    0    0    0    0    0    0    0    0    0    0    0    0    0    0    0    0    014303    0    0    0    0    0    0    0    0    014293
    0    0    0    0    0    0    0    0    0    0    0    0    0    0    013883    0    0    013879    013877    0    0    013873    0    0    0    0    0    0    0    0    0    0    0    0    013859    0    0    0    0    0    0    0    0    0    0    0    0    0    0    0    0    013841    0    0    0    0    0    0    0    0    013831    013829    0    0    0    0    0    0    0    0    0    0    0
    0    0    0    0    0    0    0    0    0    013421    0    0    013417    0    0    0    0    013411    0    0    0    0    0    0    0    0    0    0    013399    013397    0    0    0    0    0    0    0    0    0    0    0    0    0    0    013381    0    0    0    0    0    0    0    0    0    0    0    0    013367    0    0    0    0    0    0    0    0    0    0    0    0    0    0    0    0
    0    0    0    0    012967    0    0    0    0    0    0    012959    0    0    0    0    012953    0    0    0    0    0    0    0    0    0    0    012941    0    0    0    0    0    0    0    0    0    0    0    0    0    0    0    0    012923    0    0    012919    012917    0    0    0    0    012911    0    0    012907    0    0    0    0    0    0    012899    0    0    0    0    012893    0
    0    0    0    012517    0    0    0    0    012511    0    0    0    0    0    0    012503    0    0    0    0    012497    0    0    0    0    012491    0    0    012487    0    0    0    0    0    0    012479    0    0    0    0    012473    0    0    0    0    0    0    0    0    0    0    0    0    0    0    012457    0    0    0    0    012451    0    0    0    0    0    0    0    0    0    0
    0    0    0    0    012073    012071    0    0    0    0    0    0    0    0    0    0    0    0    0    0    0    0    0    0    0    0    012049    0    0    0    0    012043    012041    0    0    012037    0    0    0    0    0    0    0    0    0    0    0    0    0    0    0    0    0    0    0    0    0    0    0    0    012011    0    0    012007    0    0    0    0    0    0    0    0    0
    0    0    0    0    0    0    0    0    0    011633    0    0    0    0    0    0    0    0    0    0    011621    0    0    011617    0    0    0    0    0    0    0    0    0    0    0    0    0    0    0    0    0    0    011597    0    0    011593    0    0    0    0    011587    0    0    0    0    0    0    011579    0    0    0    0    0    0    0    0    0    0    0    0    0    0    0    0
    0    0    011213    0    0    0    0    0    0    0    0    0    0    0    0    0    0    011197    0    0    0    0    0    0    0    0    0    0    0    0    0    0    0    0    0    0    011177    0    0    011173    011171    0    0    0    0    0    0    0    0    011161    011159    0    0    0    0    0    0    0    0    011149    0    0    0    0    0    0    0    0    0    0    0    0    0
    0    0    0    0    0    0    0    010789    0    0    0    0    0    0    010781    0    0    0    0    0    0    0    0    010771    0    0    0    0    0    0    0    0    0    0    0    0    0    0    0    0    010753    0    0    0    0    0    0    0    0    0    0    0    0    010739    0    0    0    0    010733    0    0    010729    0    0    0    0    010723    0    0    0    0    0    0
    0    0    0    0    0    0    0    0    0    0    0    0    0    0    0    0    010369    0    0    0    0    0    0    0    0    0    0    010357    0    0    0    0    0    0    0    0    0    0    0    0    010343    0    0    0    0    010337    0    0    010333    010331    0    0    0    0    0    0    0    0    010321    0    0    0    0    0    0    010313    0    0    0    0    0    0    0
    0    0    0    0    0    0    0    0    0    0 9973    0    0    0    0    0 9967    0    0    0    0    0    0    0    0    0    0    0    0    0    0    0    0    0 9949    0    0    0    0    0    0    0 9941    0    0    0    0    0    0    0    0    0 9931    0 9929    0    0    0    0    0 9923    0    0    0    0    0    0    0    0    0    0    0    0    0    0    0 9907    0    0    0    0
    0 9587    0    0    0    0    0    0    0    0    0    0    0    0    0    0    0    0    0    0    0    0    0    0    0    0    0    0    0    0    0    0    0    0    0    0    0 9551    0    0    0 9547    0    0    0    0    0    0    0 9539    0    0    0    0    0 9533    0    0    0    0    0    0    0    0    0    0    0 9521    0    0    0    0    0    0    0    0    0 9511    0    0    0
    0    0 9199    0    0    0    0    0    0    0    0    0    0    0 9187    0    0    0    0    0 9181    0    0    0    0    0    0    0 9173    0    0    0    0    0    0    0    0    0    0    0 9161    0    0    0 9157    0    0    0    0    0 9151    0    0    0    0    0    0    0    0    0    0    0    0    0 9137    0    0    0 9133    0    0    0    0    0 9127    0    0    0    0    0    0
    0 8821    0 8819    0    0    0    0    0    0    0    0    0    0    0 8807    0    0    0 8803    0    0    0    0    0    0    0    0    0    0    0    0    0    0    0    0    0    0    0 8783    0    0    0 8779    0    0    0    0    0    0    0    0    0    0    0    0    0    0    0    0    0 8761    0    0    0    0    0    0    0 8753    0    0    0    0    0 8747    0    0    0    0    0
    0    0    0    0 8447    0    0    0 8443    0    0    0    0    0    0    0    0    0    0    0 8431    0 8429    0    0    0    0    0 8423    0    0    0 8419    0    0    0    0    0    0    0    0    0    0    0    0    0    0    0    0    0    0    0    0    0    0    0    0    0    0    0    0    0 8389    0 8387    0    0    0    0    0    0    0    0    0 8377    0    0    0    0    0    0
    0 8087    0    0    0    0    0 8081    0    0    0    0    0    0    0    0    0    0    0 8069    0    0    0    0    0    0    0    0    0 8059    0    0    0    0    0 8053    0    0    0    0    0    0    0    0    0    0    0    0    0 8039    0    0    0    0    0    0    0    0    0    0    0    0    0    0    0    0    0    0    0    0    0 8017    0    0    0    0    0 8011    0 8741    0
    0    0    0    0    0    0 7727    0    0    0 7723    0    0    0    0    0 7717    0    0    0    0    0    0    0    0    0    0    0    0    0 7703    0    0    0 7699    0    0    0    0    0    0    0 7691    0    0    0 7687    0    0    0    0    0 7681    0    0    0    0    0    0    0 7673    0    0    0 7669    0    0    0    0    0    0    0    0    0    0    0    0    0    0    0    0
    0    0    0    0    0    0    0    0    0    0    0    0    0    0    0    0    0 7369    0    0    0    0    0    0    0    0    0    0    0    0    0    0    0    0    0 7351    0 7349    0    0    0    0    0    0    0    0    0    0    0    0    0    0    0 7333    0 7331    0    0    0    0    0    0    0    0    0 7321    0    0    0    0    0    0    0    0    0    0    0 8009    0    0    0
    0    0    0    0 7043    0    0    0 7039    0    0    0    0    0    0    0    0    0    0    0 7027    0    0    0    0    0    0    0 7019    0    0    0    0    0 7013    0    0    0    0    0    0    0    0    0    0    0 7001    0    0    0 6997    0    0    0    0    0 6991    0    0    0    0    0    0    0 6983    0    0    0    0    0 6977    0    0    0    0    0    0    0 8369    0    0
    0    0    0    0    0    0    0 6709    0    0    0    0    0 6703    0 6701    0    0    0    0    0    0    0    0    0 6691    0 6689    0    0    0    0    0    0    0    0    0 6679    0    0    0    0    0 6673    0    0    0    0    0    0    0    0    0    0    0 6661    0 6659    0    0    0    0    0 6653    0    0    0    0    0    0    0    0    0    0    0 7309    0    0    0 8737    0
    0    0    0    0 6389    0    0    0    0    0    0    0    0    0 6379    0    0    0    0    0 6373    0    0    0    0    0 6367    0    0    0    0    0 6361    0 6359    0    0    0    0    0 6353    0    0    0    0    0    0    0    0    0 6343    0    0    0    0    0 6337    0    0    0    0    0    0    0 6329    0    0    0    0    0 6323    0    0    0 6971    0    0    0    0    0    0
    0    0    0    0    0 6073    0    0    0    0    0 6067    0    0    0    0    0    0    0    0    0    0    0    0    0 6053    0    0    0    0    0 6047    0    0    0 6043    0    0    0    0    0 6037    0    0    0    0    0    0    0 6029    0    0    0    0    0    0    0    0    0    0    0    0    0    0    0    0    0 6011    0    0    0 6007    0    0    0 7307    0    0    0    0    0
    0    0    0    0    0    0    0    0    0    0    0    0    0    0    0    0    0    0    0    0    0    0 5749    0    0    0    0    0 5743    0 5741    0    0    0 5737    0    0    0    0    0    0    0    0    0    0    0    0    0    0    0    0    0    0    0 5717    0    0    0    0    0 5711    0    0    0    0    0    0    0    0    0 5701    0    0    0    0    0    0    0    0    0    0
    0 5471    0    0    0    0    0    0    0    0    0    0    0    0    0    0    0    0    0    0    0    0    0 5449    0    0    0    0    0 5443    0 5441    0    0    0 5437    0    0    0    0    0 5431    0    0    0    0    0    0    0    0    0    0    0 5419    0 5417    0    0    0 5413    0    0    0    0    0 5407    0    0    0    0    0    0    0    0    0    0    0    0    0    0    0
    0    0 5179    0    0    0    0    0    0    0 5171    0    0    0 5167    0    0    0    0    0    0    0    0    0    0    0    0    0 5153    0    0    0    0    0 5147    0    0    0    0    0    0    0    0    0    0    0    0    0    0    0    0    0    0    0    0    0    0    0    0    0    0    0 5119    0    0    0    0    0 5113    0    0    0 6317    0 6967    0 7649    0 8363    0 9109
    0    0    0    0    0    0    0    0    0 4889    0    0    0    0    0    0    0    0    0    0    0 4877    0    0    0    0    0 4871    0    0    0    0    0    0    0    0    0 4861    0    0    0    0    0    0    0    0    0    0    0    0    0    0    0    0    0    0    0    0    0    0    0    0    0    0    0    0    0 4831    0    0    0    0    0 6637    0    0    0    0    0 8731    0
    0    0 4621    0    0    0    0    0    0    0    0    0    0    0    0    0    0    0    0    0 4603    0    0    0    0    0 4597    0    0    0    0    0 4591    0    0    0    0    0    0    0 4583    0    0    0    0    0    0    0    0    0    0    0    0    0    0    0 4567    0    0    0    0    0 4561    0    0    0    0    0    0    0    0    0    0    0    0    0    0    0    0    0    0
    0    0    0    0    0    0    0 4349    0    0    0    0    0    0    0    0    0 4339    0 4337    0    0    0    0    0    0    0    0    0 4327    0    0    0    0    0    0    0    0    0    0    0    0    0    0    0    0    0    0    0    0    0    0    0    0    0    0    0    0    0 4297    0    0    0    0    0    0    0    0    0 5399    0    0    0    0    0    0    0    0    0    0    0
    0    0    0    0 4093    0 4091    0    0    0    0    0    0    0    0    0    0    0 4079    0    0    0    0    0 4073    0    0    0    0    0    0    0    0    0    0    0    0    0    0    0 4057    0    0    0    0    0 4051    0 4049    0    0    0    0    0    0    0    0    0    0    0    0    0    0    0    0    0    0    0    0    0    0    0    0    0    0    0    0    0    0    0    0
    0    0    0    0    0    0    0    0    0    0    0    0    0 3833    0    0    0    0    0    0    0    0    0 3823    0 3821    0    0    0    0    0    0    0    0    0    0    0    0    0    0    0    0    0 3803    0    0    0    0    0 3797    0    0    0 3793    0    0    0    0    0    0    0    0    0    0    0 4289    0    0    0    0    0    0    0    0    0    0    0    0    0    0    0
 4099    0    0    0    0    0    0    0    0    0 3593    0    0    0    0    0    0    0    0    0 3583    0 3581    0    0    0    0    0    0    0    0    0 3571    0    0    0    0    0    0    0    0    0    0    0 3559    0 3557    0    0    0    0    0    0    0    0    0 3547    0    0    0    0    0 3541    0    0    0    0    0 5107    0 5693    0 6311    0 6961    0 7643    0    0    0 9103
    0 3847    0    0    0    0    0 3361    0 3359    0    0    0    0    0    0    0    0    0    0    0 3347    0    0    0 3343    0    0    0    0    0    0    0    0    0    0    0 3331    0 3329    0    0    0    0    0 3323    0    0    0 3319    0    0    0    0    0 3313    0    0    0    0    0 3307    0    0    0    0    0    0    0    0    0    0    0    0    0 7297    0    0    0    0    0
    0    0    0    0 3137    0    0    0    0    0    0    0    0    0    0    0    0    0    0    0 3121    0 3119    0    0    0    0    0    0    0    0    0 3109    0    0    0    0    0    0    0    0    0    0    0    0    0    0    0    0    0    0    0 3089    0    0    0    0    0 3083    0    0    0 3539    0    0    0    0    0    0    0    0    0    0    0 6959    0    0    0    0    0    0
    0    0    0    0    0 2917    0    0    0    0    0    0    0 2909    0    0    0    0    0 2903    0    0    0    0    0 2897    0    0    0    0    0    0    0    0    0 2887    0    0    0    0    0    0    0 2879    0    0    0    0    0    0    0    0    0    0    0    0    0    0    0    0    0    0    0 3779    0    0    0    0    0 5393    0    0    0    0    0    0    0 7993    0    0    0
    0    0    0    0    0    0    0    0    0    0    0    0 2699    0    0    0    0    0 2693    0    0    0 2689    0 2687    0    0    0 2683    0    0    0    0    0 2677    0    0    0    0    0 2671    0    0    0    0    0    0    0 2663    0    0    0 2659    0 2657    0    0    0    0    0 3079    0    0    0 4027    0 4549    0    0    0 5689    0    0    0    0    0 7639    0 8353    0    0
    0 3851    0    0    0    0    0    0    0    0    0    0    0    0    0    0    0    0    0    0    0    0    0    0    0    0    0    0    0    0    0 2477    0    0    0 2473    0    0    0    0    0 2467    0    0    0    0    0    0    0 2459    0    0    0    0    0    0    0    0    0 2861    0    0    0    0    0 4283    0    0    0    0    0    0    0    0    0    0    0    0    0    0    0
    0    0 3607    0    0    0 2707    0    0    0    0    0    0    0    0    0 2297    0    0    0 2293    0    0    0    0    0 2287    0    0    0    0    0 2281    0    0    0    0    0    0    0 2273    0    0    0 2269    0 2267    0    0    0    0    0    0    0    0    0    0    0    0    0    0    0    0    0    0    0 4547    0 5101    0    0    0    0    0    0    0    0    0    0    0    0
    0 3853    0 3371    0    0    0 2503    0    0    0    0    0 2113    0 2111    0    0    0    0    0    0    0    0    0    0    0 2099    0    0    0    0    0    0    0    0    0 2089    0 2087    0    0    0 2083    0 2081    0    0    0    0    0    0    0    0    0    0    0    0    0    0    0 3301    0    0    0    0    0    0    0    0    0    0    0    0    0    0    0    0    0 8719    0
    0    0    0    0    0    0    0    0    0    0    0    0    0    0 1933    0 1931    0    0    0    0    0    0    0    0    0    0    0    0    0    0    0    0    0 1913    0    0    0    0    0 1907    0    0    0    0    0 1901    0    0    0    0    0    0    0    0    0    0    0    0    0    0    0 3533    0    0    0    0    0 5099    0    0    0    0    0    0    0    0    0    0    0    0
    0    0    0 3373    0    0    0    0    0    0    0    0    0    0    0    0    0 1759    0    0    0    0    0 1753    0    0    0    0    0 1747    0    0    0    0    0 1741    0    0    0    0    0    0    0 1733    0    0    0    0    0    0    0    0    0 1723    0 2069    0 2447    0 2857    0 3299    0    0    0    0    0 4817    0 5387    0    0    0    0    0    0    0    0    0    0    0
    0    0    0    0    0    0 2711    0 2309    0    0    0 1601    0    0    0 1597    0    0    0    0    0    0    0    0    0    0    0    0    0 1583    0    0    0 1579    0    0    0    0    0    0    0 1571    0    0    0 1567    0    0    0    0    0    0    0    0    0    0    0 2647    0    0    0    0    0 4021    0    0    0    0    0 5683    0 6301    0    0    0    0    0    0    0    0
    0    0    0    0    0    0    0    0    0    0    0    0    0    0    0    0    0    0    0 1439    0    0    0    0    0 1433    0    0    0 1429    0 1427    0    0    0 1423    0    0    0    0    0    0    0    0    0    0    0    0    0 1409    0    0    0 1721    0    0    0    0    0    0    0    0    0    0    0    0    0    0    0    0    0 5987    0    0    0    0    0    0    0    0    0
 4111    0 3613    0    0    0 2713    0 2311    0    0    0    0    0 1297    0    0    0    0    0 1291    0 1289    0    0    0    0    0 1283    0    0    0 1279    0 1277    0    0    0    0    0    0    0    0    0    0    0    0    0    0    0    0    0 1559    0 1889    0 2251    0    0    0    0    0 3529    0 4019    0    0    0    0    0    0    0 6299    0 6949    0    0    0    0    0 9091
    0    0    0    0    0 2927    0    0    0    0    0    0    0 1447    0    0    0    0    0 1153    0 1151    0    0    0    0    0    0    0    0    0    0    0    0    0    0    0    0    0    0    0    0    0 1129    0    0    0    0    0 1123    0    0    0    0    0    0    0    0    0    0    0    0    0 3769    0    0    0 4813    0    0    0    0    0 6619    0    0    0    0    0 8713    0
    0    0    0    0    0    0    0    0    0    0    0    0    0    0    0    0    0    0    0    0 1021    0 1019    0    0    0    0    0 1013    0    0    0 1009    0    0    0    0    0    0    0    0    0    0    0  997    0    0    0    0    0 1259    0    0    0    0    0    0    0    0    0    0    0 3527    0    0    0    0    0    0    0    0    0    0    0 6947    0    0    0    0    0    0
    0    0    0    0    0    0    0    0    0    0    0    0    0    0    0    0    0    0    0    0    0    0    0    0    0    0    0    0    0    0    0  887    0    0    0  883    0  881    0    0    0  877    0    0    0    0    0    0    0    0    0    0    0    0    0 2063    0 2441    0 2851    0    0    0 3767    0 4273    0    0    0 5381    0    0    0    0    0 7283    0    0    0    0    0
    0    0 3617    0    0    0    0    0    0    0    0    0 1607    0 1301    0    0    0    0    0    0    0    0    0    0    0    0    0    0    0  773    0    0    0  769    0    0    0    0    0    0    0  761    0    0    0  757    0  991    0    0    0    0    0    0    0    0    0    0    0 3067    0    0    0    0    0    0    0    0    0    0    0    0    0    0    0    0    0    0    0    0
    0 3863    0    0    0    0    0    0    0    0    0    0    0 1451    0    0    0    0    0  677    0    0    0  673    0    0    0    0    0    0    0    0    0    0    0  661    0  659    0    0    0    0    0  653    0    0    0    0    0    0    0    0    0    0    0    0    0    0    0    0    0    0    0    0    0 4271    0    0    0    0    0 5981    0    0    0    0    0    0    0    0    0
    0    0    0    0    0    0 2719    0    0    0    0    0 1609    0 1303    0    0    0  787    0  577    0    0    0    0    0  571    0  569    0    0    0    0    0  563    0    0    0    0    0  557    0    0    0    0    0    0    0    0    0    0    0 1553    0    0    0    0    0    0    0    0    0    0    0 4013    0    0    0    0    0    0    0    0    0    0    0    0    0    0    0    0
    0    0    0    0    0    0    0    0    0 2129    0    0    0 1453    0 1163    0    0    0    0    0    0    0    0    0    0    0  479    0    0    0    0    0    0    0    0    0    0    0  467    0    0    0  463    0    0    0    0    0 1117    0 1399    0    0    0    0    0 2437    0    0    0    0    0    0    0    0    0    0    0    0    0    0    0    0    0    0    0    0    0 8707    0
    0    0    0    0    0    0    0    0    0    0 1949    0    0    0    0    0 1031    0    0    0    0    0  401    0    0    0  397    0    0    0    0    0    0    0  389    0    0    0    0    0  383    0    0    0    0    0    0    0    0    0    0    0    0    0    0    0 2243    0    0    0    0    0    0    0    0    0    0    0 5087    0    0    0    0    0    0    0    0    0    0    0    0
    0    0    0    0    0    0    0    0    0 2131    0 1777    0    0    0    0    0  907    0    0    0  487    0    0    0    0    0    0    0    0    0  317    0    0    0  313    0  311    0    0    0  307    0  461    0  647    0    0    0    0    0    0    0    0    0    0    0    0    0    0    0    0    0 3761    0    0    0    0    0    0    0    0    0    0    0    0    0    0    0    0    0
    0    0 3623    0    0    0    0    0    0    0 1951    0 1613    0 1307    0 1033    0    0    0    0    0    0    0  257    0    0    0    0    0  251    0    0    0    0    0    0    0    0    0  241    0  379    0    0    0  751    0    0    0    0    0 1549    0 1879    0    0    0    0    0 3061    0    0    0    0    0    0    0    0    0    0    0    0    0    0    0 7621    0    0    0    0
    0    0    0    0    0    0    0    0    0    0    0    0    0    0    0    0    0    0    0  683    0    0    0    0    0  197    0    0    0  193    0  191    0    0    0    0    0    0    0    0    0    0    0    0    0    0    0  863    0    0    0    0    0 1709    0    0    0    0    0 2843    0    0    0    0    0    0    0    0    0    0    0    0    0    0    0    0    0    0    0    0    0
    0    0    0    0    0    0    0    0    0    0    0    0    0    0    0    0    0    0    0    0    0    0    0    0    0    0    0    0    0    0    0    0  139    0  137    0    0    0    0    0  239    0    0    0  547    0    0    0  983    0 1249    0    0    0 1877    0 2239    0 2633    0    0    0 3517    0 4007    0    0    0    0    0 5669    0 6287    0    0    0    0    0    0    0    0
    0    0    0 3389    0 2939    0 2521    0    0    0    0    0 1459    0    0    0  911    0    0    0  491    0    0    0  199    0  101    0    0    0   97    0    0    0    0    0    0    0  181    0    0    0  457    0  643    0    0    0    0    0    0    0    0    0 2053    0    0    0    0    0    0    0    0    0    0    0 4801    0    0    0    0    0 6607    0    0    0    0    0    0    0
    0    0    0    0    0    0    0    0    0    0    0    0    0    0    0    0    0    0    0    0    0    0    0    0    0    0    0    0    0    0    0    0   61    0   59    0    0    0  131    0    0    0    0    0    0    0    0    0    0    0    0    0    0    0    0    0 2237    0    0    0    0    0    0    0    0    0    0    0 5081    0    0    0    0    0    0    0    0    0    0    0    0
    0    0    0 3391    0    0    0    0    0 2137    0 1783    0    0    0 1171    0    0    0    0    0    0    0  331    0    0    0  103    0   37    0    0    0    0    0   31    0   89    0  179    0    0    0    0    0  641    0  859    0 1109    0    0    0    0    0    0    0    0    0    0    0    0    0    0    0 4261    0 4799    0    0    0    0    0    0    0    0    0    0    0 8699    0
 4127    0    0    0 3163    0 2729    0    0    0    0    0 1619    0    0    0 1039    0  797    0  587    0  409    0  263    0  149    0   67    0   17    0    0    0   13    0    0    0    0    0    0    0  373    0    0    0    0    0    0    0    0    0 1543    0 1873    0    0    0    0    0    0    0    0    0 4003    0    0    0    0    0    0    0    0    0    0    0    0    0 8329    0    0
    0    0    0    0    0    0    0    0    0    0    0    0    0    0    0    0    0    0    0    0    0    0    0    0    0    0    0    0    0    0    0    5    0    3    0   29    0    0    0    0    0    0    0    0    0    0    0  857    0    0    0    0    0    0    0    0    0    0    0 2837    0    0    0    0    0 4259    0    0    0    0    0    0    0    0    0    0    0    0    0    0    0
 4129    0 3631    0    0    0 2731    0    0    0    0    0 1621    0    0    0    0    0    0    0    0    0    0    0    0    0  151    0    0    0   19    0    0    2   11    0   53    0  127    0  233    0    0    0  541    0  743    0  977    0    0    0    0    0 1871    0    0    0    0    0    0    0 3511    0 4001    0 4523    0 5077    0    0    0    0    0    0    0    0    0    0    0    0
    0 3877    0    0    0    0    0    0    0 2141    0 1787    0    0    0    0    0    0    0  691    0    0    0    0    0    0    0  107    0   41    0    7    0    0    0    0    0    0    0    0    0    0    0    0    0    0    0    0    0    0    0    0    0    0    0    0    0    0    0    0    0    0    0    0    0    0    0    0    0    0    0    0    0    0    0    0    0    0    0    0    0
    0    0    0    0 3167    0    0    0    0    0    0    0    0    0    0    0    0    0    0    0    0    0    0    0    0    0    0    0   71    0    0    0   23    0    0    0    0    0    0    0    0    0    0    0    0    0    0    0    0    0    0    0    0    0    0    0    0    0    0    0    0    0    0    0    0    0    0    0    0    0    0    0    0    0    0    0    0    0    0    0    0
    0    0    0    0    0    0    0    0    0 2143    0 1789    0    0    0    0    0  919    0    0    0  499    0  337    0    0    0  109    0   43    0    0    0   47    0    0    0   83    0  173    0    0    0  449    0    0    0  853    0 1103    0    0    0 1699    0    0    0 2423    0 2833    0    0    0    0    0    0    0 4793    0    0    0    0    0 6599    0    0    0 7963    0 8693    0
 4133    0    0    0 3169    0    0    0 2333    0    0    0    0    0 1319    0    0    0    0    0  593    0    0    0  269    0    0    0   73    0    0    0    0    0   79    0    0    0    0    0  229    0  367    0    0    0  739    0    0    0    0    0    0    0 1867    0    0    0    0    0 3049    0    0    0    0    0 4519    0    0    0 5659    0 6277    0    0    0    0    0    0    0    0
    0 3881    0    0    0    0    0 2531    0    0    0    0    0    0    0    0    0    0    0    0    0    0    0    0    0    0    0    0    0  113    0    0    0    0    0    0    0    0    0    0    0  293    0    0    0    0    0    0    0    0    0    0    0 1697    0    0    0    0    0    0    0    0    0    0    0 4253    0    0    0    0    0    0    0    0    0    0    0    0    0    0    0
    0    0 3637    0    0    0    0    0    0    0    0    0 1627    0 1321    0    0    0    0    0    0    0    0    0  271    0  157    0    0    0    0    0  163    0    0    0  167    0    0    0  227    0    0    0    0    0    0    0  971    0 1237    0    0    0    0    0    0    0 2621    0    0    0    0    0    0    0 4517    0    0    0 5657    0    0    0    0    0 7607    0    0    0 9067
    0    0    0    0    0    0    0    0    0    0    0    0    0 1471    0 1181    0    0    0    0    0  503    0    0    0  211    0    0    0    0    0    0    0    0    0    0    0  223    0    0    0    0    0    0    0  631    0    0    0    0    0 1381    0    0    0    0    0    0    0    0    0 3271    0    0    0    0    0 4789    0    0    0    0    0    0    0    0    0    0    0 8689    0
    0    0    0    0    0    0    0    0    0    0    0    0    0    0    0    0 1049    0    0    0    0    0  419    0    0    0    0    0  277    0    0    0  281    0  283    0    0    0    0    0    0    0    0    0    0    0    0    0    0    0    0    0    0    0    0    0    0    0    0    0    0    0    0    0    0    0    0    0    0    0    0    0    0    0    0    0    0    0    0    0    0
    0    0    0    0    0 2953    0    0    0    0    0    0    0    0    0    0    0    0    0    0    0    0    0    0    0    0    0  347    0  349    0    0    0  353    0    0    0    0    0  359    0    0    0  443    0    0    0    0    0 1097    0    0    0 1693    0 2039    0 2417    0    0    0    0    0    0    0    0    0 4787    0    0    0    0    0    0    0    0    0    0    0    0    0
 4139    0    0    0    0    0 2741    0 2339    0    0    0    0    0    0    0 1051    0  809    0  599    0  421    0    0    0    0    0    0    0    0    0  431    0  433    0    0    0    0    0  439    0    0    0    0    0  733    0  967    0    0    0 1531    0 1861    0    0    0 2617    0    0    0    0    0    0    0 4513    0    0    0 5653    0 6271    0    0    0 7603    0 8317    0    0
    0    0    0    0    0    0    0    0    0    0    0    0    0    0    0    0    0    0    0  701    0    0    0  509    0    0    0    0    0    0    0    0    0    0    0  521    0  523    0    0    0    0    0    0    0    0    0    0    0    0    0    0    0    0    0    0    0    0    0    0    0    0    0    0    0    0    0    0    0    0    0    0    0    0    0    0    0    0    0    0    0
    0    0 3643    0    0    0    0    0 2341    0    0    0    0    0 1327    0    0    0  811    0  601    0    0    0    0    0  607    0    0    0    0    0  613    0    0    0  617    0  619    0    0    0    0    0    0    0    0    0    0    0 1231    0    0    0    0    0 2221    0    0    0 3041    0 3499    0 3989    0    0    0    0    0 5651    0 6269    0    0    0    0    0    0    0    0
    0 3889    0 3407    0 2957    0 2539    0 2153    0    0    0    0    0 1187    0  929    0    0    0    0    0    0    0  709    0    0    0    0    0    0    0    0    0  719    0    0    0    0    0    0    0  727    0    0    0    0    0 1093    0    0    0    0    0    0    0    0    0    0    0    0    0 3739    0    0    0 4783    0    0    0    0    0    0    0    0    0    0    0    0    0
    0    0    0    0    0    0    0    0    0    0 1973    0    0    0    0    0    0    0    0    0    0    0    0    0    0    0  821    0  823    0    0    0  827    0  829    0    0    0    0    0    0    0    0    0  839    0    0    0    0    0 1229    0    0    0    0    0    0    0    0    0    0    0    0    0    0    0    0    0    0    0    0    0    0    0 6917    0    0    0    0    0 9059
    0    0    0    0    0    0    0    0    0    0    0 1801    0    0    0    0    0    0    0    0    0    0    0  937    0    0    0  941    0    0    0    0    0  947    0    0    0    0    0  953    0    0    0    0    0    0    0    0    0 1091    0 1373    0    0    0    0    0 2411    0    0    0    0    0    0    0 4243    0    0    0 5351    0 5953    0    0    0 7253    0 7951    0 8681    0
    0    0    0    0 3181    0    0    0    0    0    0    0 1637    0    0    0    0    0    0    0 1061    0 1063    0    0    0    0    0 1069    0    0    0    0    0    0    0    0    0    0    0    0    0    0    0    0    0 1087    0    0    0    0    0    0    0    0    0    0    0    0    0 3037    0    0    0    0    0 4507    0    0    0 5647    0    0    0    0    0    0    0 8311    0    0
    0    0    0    0    0    0    0 2543    0    0    0    0    0 1481    0    0    0 1193    0    0    0    0    0    0    0 1201    0    0    0    0    0    0    0    0    0    0    0 1213    0    0    0 1217    0    0    0    0    0 1223    0    0    0    0    0    0    0    0    0    0    0 2819    0    0    0    0    0 4241    0    0    0    0    0    0    0    0    0    0    0 7949    0    0    0

