2385 3724
2383 9117
7220 397
779 2063
6412 1041
2967 1396
7453 2278
6072 5407
4312 2050
7885 7091
8110 6565
885 8683
9248 8799
9023 3094
6344 4863
1388 2744
5644 967
4869 2060
5762 6749
8577 114
1617 8619
8567 9097
434 3964
6459 1384
7092 4272
7225 1266
8440 1584
4309 5993
6365 7464
664 6375
7011 9883
4766 5502
3536 9014
4636 5382
3875 2475
4889 6516
55 145
9615 5725
6494 233
3925 5171
3573 2412
8127 3902
5469 9178
4117 3800
300 8912
2843 2677
7274 4074
2272 2180
9404 1829
3484 7127
3442 6876
695 372
196 159
8569 7102
6635 2057
1639 3392
111 7294
3873 5645
8682 8897
5695 6733
3055 6241
4296 8239
2565 8166
2726 6310
6202 3824
7068 1830
6530 2272
3700 5479
7523 7248
2295 613
7853 5925
1535 9099
7536 1451
343 3877
9794 1298
5543 2149
8798 3778
2227 3061
2876 3469
2699 5173
1455 4831
4089 8481
7819 9476
7669 64
594 5319
7412 9634
5335 1462
1692 2393
1296 5180
9371 4439
9175 6141
7590 2425
8111 4491
1718 709
7012 2377
6526 4811
3039 2361
4305 1858
6155 7521
3325 3615
1911 9491
3972 8656
655 6132
5071 384
769 6703
640 5021
9677 3444
353 72
5976 3173
8995 3563
6978 6981
2684 4211
1918 2147
7872 641
2201 3005
5581 9165
7958 1506
8434 7778
4915 2559
2133 5761
1818 5728
1740 2627
8954 518
3591 157
9324 806
2896 2970
1654 1372
2684 4579
7453 3877
4988 1742
4064 5699
6612 3485
3674 6460
615 4962
2908 2058
8592 1256
4674 8604
333 5170
9979 7583
981 3375
8344 6114
85 2916
1473 809
6021 1750
6685 2023
859 3051
313 2147
8958 4494
9218 4683
9237 7072
9140 9894
7518 7969
2314 5224
3829 6059
7464 7737
2446 6447
4739 862
7089 5414
6544 3269
5612 4802
5857 583
8017 649
1085 834
5562 3770
8199 9994
8632 8188
814 685
3070 1099
1921 2592
7906 868
8323 8695
893 3094
3582 2412
3875 9752
5807 1434
6747 885
6240 9411
3461 6487
9730 3063
590 6695
1808 7272
5467 8576
3928 4910
6060 3707
9684 9034
5786 8863
5240 9546
382 3220
1417 8665
6138 7251
2474 7523
3478 9816
958 7454
19 9361
4001 5437
8256 2591
1780 2602
5384 7068
759 6044
328 162
