000xx000xx000
0000x0000x000
000000000x000
xxx000xx00000
00000xx000xxx
000x0000x000x
0000x000x0000
x000x0000x000
xxx000xx00000
00000xx000xxx
000x000000000
000x0000x0000
000xx000xx000
013
063
090
132
143
147
151
189
254
277
305
383
404
442
469
500
528
547
652
661
723
725
758
787
820
827
855
865
912
914
930
976
0085
0234
0246
0808
1546
1673
1735
2414
3100
3185
3604
4094
4115
5700
5746
6258
6498
6506
6715
6732
6862
7580
7810
7950
8085
8200
8494
8747
8811
9340
03879
05507
61446
75154
910850811
184740558
